a 87 88 77 1
a 34 35 50 1
a 83 84 85 1
a 70 71 99 1
a 96 97 82 1
a 30 31 62 1
a 107 108 99 1
a 82 83 64 1
a 58 59 82 1
a 23 24 98 1
a 9 10 59 1
a 74 75 76 1
a 68 69 68 1
a 76 77 67 1
a 35 36 86 1
a 25 26 82 1
a 65 66 86 1
a 80 81 83 1
a 46 47 81 1
a 3 4 82 1
a 47 48 64 1
a 50 51 80 1
a 104 105 67 1
a 13 14 71 1
a 32 33 79 1
a 42 43 52 1
a 49 50 80 1
a 64 65 67 1
a 72 73 75 1
a 54 55 88 1
a 101 102 68 1
a 81 82 65 1
a 102 103 94 1
a 1 2 50 1
a 63 64 68 1
a 62 63 95 1
a 73 74 66 1
a 2 3 59 1
a 109 110 92 1
a 24 25 73 1
a 17 18 90 1
a 56 57 69 1
a 4 5 67 1
a 52 53 62 1
a 57 58 88 1
a 60 61 99 1
a 20 21 93 1
a 90 91 50 1
a 43 44 71 1
a 95 96 92 1
a 69 70 61 1
a 15 16 85 1
a 103 104 99 1
a 6 7 96 1
a 45 46 99 1
a 38 39 95 1
a 53 54 79 1
a 12 13 94 1
a 79 80 61 1
a 8 9 81 1
a 85 86 85 1
a 40 41 66 1
a 71 72 54 1
a 97 98 94 1
a 93 94 94 1
a 89 90 72 1
a 98 99 63 1
a 36 37 97 1
a 108 109 86 1
a 29 30 85 1
a 10 11 96 1
a 5 6 56 1
a 37 38 96 1
a 21 22 97 1
a 48 49 66 1
a 78 79 83 1
a 61 62 67 1
a 14 15 81 1
a 59 60 95 1
a 39 40 97 1
a 94 95 66 1
a 19 20 58 1
a 86 87 55 1
a 51 52 69 1
a 106 107 77 1
a 67 68 94 1
a 28 29 94 1
a 7 8 58 1
a 92 93 75 1
a 27 28 71 1
a 91 92 76 1 75 1 74 1 73 1 72 1 71 1 70 1 69 1
a 75 76 70 1 69 1 68 1 67 1 66 1 65 1 64 1 63 1
a 26 27 57 1 56 1 55 1 54 1 53 1 52 1 51 1
a 41 42 109 1 108 1 107 1 106 1 105 1 104 1 103 1 102 1 101 1 100 1 99 1
a 16 17 73 1 72 1 71 1 70 1 69 1 68 1 67 1 66 1
a 105 106 98 1 97 1 96 1 95 1 94 1 93 1 92 1 91 1 90 1 89 1
a 100 101 97 1 96 1 95 1 94 1 93 1 92 1 91 1 90 1 89 1 88 1
a 18 19 84 1 83 1 82 1 81 1 80 1 79 1 78 1 77 1 76 1
a 84 85 86 1 85 1 84 1 83 1 82 1 81 1 80 1 79 1 78 1
a 31 32 105 1 104 1 103 1 102 1 101 1 100 1 99 1 98 1 97 1 96 1 95 1
a -1 12 312 1
a -1 34 667 1
a -1 45 724 1
a -1 56 133 1
a -1 78 58 1
a -1 23 702 1
a -1 100 441 1
a -1 1 215 1
a -1 67 539 1
a -1 89 84 1
a 22 -2 0 1
a 77 -2 0 1
a -2 -2 -1 1
a 33 -2 0 1
a 11 -2 0 1
a 88 -2 0 1
a 66 -2 0 1
a 44 -2 0 1
a 55 -2 0 1
a 99 -2 0 1
a 110 -2 0 1
a 58 46 15 1
a 101 18 1 1
a 110 90 19 1
a 79 98 19 1
a 44 78 21 1
a 71 46 1 1
a 7 78 13 1
a 10 83 21 1
a 4 27 23 1
a 13 80 8 1
a 52 64 23 1
a 88 71 8 1
a 94 61 15 1
a 99 75 9 1
a 93 8 1 1
a 73 13 2 1
a 27 50 15 1
a 42 89 14 1
a 17 3 17 1
a 44 21 17 1
a 81 2 7 1
a 50 31 5 1
a 65 34 14 1
a 73 102 6 1
a 109 54 16 1
a 109 74 4 1
a 13 38 10 1
a 104 19 15 1
a 42 103 13 1
a 101 57 14 1
a 10 28 10 1
a 108 97 22 1
a 2 87 23 1
a 29 103 21 1
a 61 12 3 1
a 38 25 5 1
a 102 94 12 1
a 86 18 12 1
a 75 108 14 1
a 47 70 21 1
a 60 49 4 1
a 95 59 17 1
a 105 35 21 1
a 97 69 14 1
a 24 46 5 1
a 62 105 21 1
a 77 101 23 1
a 71 8 12 1
a 99 32 1 1
a 72 109 5 1
a 37 57 14 1
a 16 34 4 1
a 54 56 5 1
a 97 81 9 1
a 64 103 18 1
a 93 70 17 1
a 48 89 8 1
a 40 59 12 1
a 51 68 5 1
a 54 37 18 1
a 7 106 2 1
a 91 109 3 1
a 11 61 5 1
a 80 4 14 1
a 85 34 10 1
a 8 82 16 1
a 32 59 22 1
a 80 20 1 1
a 14 62 6 1
a 105 81 9 1
a 22 98 9 1
a 6 97 16 1
a 76 43 18 1
a 106 68 1 1
a 31 54 12 1
a 58 36 23 1
a 25 62 3 1
a 31 2 15 1
a 84 103 20 1
a 32 4 15 1
a 102 79 19 1
a 55 12 23 1
a 20 63 4 1
a 84 89 10 1
a 27 68 11 1
a 16 5 20 1
a 55 38 15 1
a 59 21 23 1
a 48 19 4 1
a 99 78 21 1
a 90 103 19 1
a 37 85 22 1
a 110 1 14 1
a 41 26 1 1
a 18 105 17 1
a 101 8 8 1
a 103 62 16 1
a 28 45 6 1
a 57 109 11 1
a 52 5 2 1
a 44 75 19 1
a 98 67 20 1
a 64 89 16 1
a 69 26 2 1
a 69 105 24 1
a 62 10 16 1
a 24 18 13 1
a 88 109 2 1
a 62 50 9 1
a 81 38 4 1
a 30 107 17 1
a 6 15 11 1
a 35 29 19 1
a 98 107 5 1
a 29 47 18 1
a 31 38 9 1
a 91 25 12 1
a 72 14 13 1
a 11 50 22 1
a 87 17 5 1
a 16 84 15 1
a 59 98 6 1
a 88 53 11 1
a 81 95 13 1
a 20 89 11 1
a 101 70 12 1
a 99 43 18 1
a 66 27 2 1
a 13 108 20 1
a 71 92 23 1
a 27 40 17 1
a 81 54 8 1
a 4 96 7 1
a 4 65 10 1
a 64 41 13 1
a 40 76 24 1
a 55 95 11 1
a 30 15 3 1
a 61 74 2 1
a 69 40 12 1
a 74 83 16 1
a 21 59 17 1
a 24 100 16 1
a 3 30 4 1
a 88 90 24 1
a 74 41 18 1
a 97 35 5 1
a 15 56 13 1
a 5 49 14 1
a 55 74 20 1
a 97 3 14 1
a 77 39 3 1
a 9 92 3 1
a 2 53 4 1
a 57 1 20 1
a 101 36 22 1
a 95 101 22 1
a 110 56 9 1
a 10 47 20 1
a 102 39 14 1
a 48 83 13 1
a 76 106 5 1
a 86 100 9 1
a 71 100 13 1
a 54 87 24 1
a 66 16 18 1
a 75 54 10 1
a 94 40 4 1
a 33 52 16 1
a 91 56 11 1
a 17 81 11 1
a 33 106 22 1
a 27 17 6 1
a 37 92 7 1
a 18 26 15 1
a 18 50 1 1
a 99 21 5 1
a 29 73 13 1
a 94 50 20 1
a 32 101 21 1
a 48 9 21 1
a 95 76 2 1
a 88 37 14 1
a 19 57 14 1
a 92 72 4 1
a 86 70 14 1
a 38 109 2 1
a 72 56 23 1
a 99 58 8 1
a 59 43 12 1
a 95 49 21 1
a 46 96 15 1
a 6 34 17 1
a 87 10 2 1
a 92 24 12 1
a 36 81 7 1
a 28 96 2 1
a 49 42 21 1
a 91 37 3 1
a 108 67 18 1
a 85 15 19 1
a 17 104 24 1
a 41 50 13 1
a 101 46 9 1
a 84 28 14 1
a 79 21 1 1
a 5 31 13 1
a 98 34 21 1
a 28 104 16 1
a 70 3 16 1
a 96 2 21 1
a 70 104 23 1
a 53 21 16 1
a 75 2 2 1
a 70 27 6 1
a 49 62 19 1
a 51 10 23 1
a 18 86 6 1
a 79 75 1 1
a 5 76 6 1
a 38 71 22 1
a 29 41 23 1
a 73 62 16 1
a 103 48 4 1
a 93 57 3 1
a 63 13 7 1
a 46 16 13 1
a 7 98 19 1
a 85 107 7 1
a 33 43 22 1
a 85 5 23 1
a 72 90 21 1
a 8 13 3 1
a 59 78 22 1
a 69 61 13 1
a 25 82 20 1
a 110 71 21 1
a 86 8 16 1
a 57 14 22 1
a 63 72 15 1
a 79 106 17 1
a 69 10 11 1
a 19 92 16 1
a 77 20 12 1
a 38 1 2 1
a 108 15 1 1
a 59 52 1 1
a 96 60 22 1
a 31 12 22 1
a 87 68 20 1
a 68 107 12 1
a 49 72 23 1
a 65 97 3 1
a 50 20 23 1
a 14 91 22 1
a 103 24 21 1
a 90 41 13 1
a 60 39 13 1
a 95 31 14 1
a 51 86 3 1
a 98 5 23 1
a 110 25 2 1
a 64 73 12 1
a 103 72 11 1
a 83 62 11 1
a 22 106 10 1
a 110 53 18 1
a 76 32 24 1
a 28 35 17 1
a 3 54 2 1
a 44 52 3 1
a 32 20 2 1
a 19 36 5 1
a 53 58 20 1
a 39 80 6 1
a 4 69 2 1
a 18 10 16 1
a 110 87 21 1
a 85 67 15 1
a 17 45 18 1
a 25 13 23 1
a 2 25 20 1
a 22 58 10 1
a 46 3 17 1
a 22 52 13 1
a 19 70 23 1
a 52 15 18 1
a 50 79 6 1
a 50 76 17 1
a 95 39 22 1
a 21 101 2 1
a 26 1 23 1
a 104 28 14 1
a 108 84 17 1
a 81 108 5 1
a 85 29 24 1
a 72 1 2 1
a 38 56 16 1
a 63 24 3 1
a 5 94 19 1
a 22 78 5 1
a 76 98 1 1
a 7 32 13 1
a 75 30 8 1
a 83 48 23 1
a 42 28 3 1
a 11 26 12 1
a 53 98 13 1
a 73 7 11 1
a 7 43 3 1
a 92 48 19 1
a 6 84 18 1
a 37 18 13 1
a 99 6 2 1
a 101 85 16 1
a 17 27 7 1
a 15 25 7 1
a 74 19 17 1
a 102 31 13 1
a 38 53 10 1
a 28 69 1 1
a 95 20 20 1
a 58 92 21 1
a 49 24 18 1
a 43 91 17 1
a 99 106 3 1
a 95 79 10 1
a 22 32 23 1
a 55 80 12 1
a 8 42 4 1
a 81 74 19 1
a 106 10 19 1
a 57 37 1 1
a 104 9 23 1
a 19 85 22 1
a 61 30 16 1
a 31 74 15 1
a 8 91 6 1
a 98 84 3 1
a 57 90 24 1
a 101 92 20 1
a 62 68 16 1
a 60 94 11 1
a 61 80 3 1
a 65 51 12 1
a 64 9 9 1
a 77 79 21 1
a 104 73 14 1
a 38 90 13 1
a 102 20 23 1
a 87 40 12 1
a 13 95 22 1
a 46 104 21 1
a 52 84 12 1
a 87 50 1 1
a 77 31 13 1
a 83 24 19 1
a 68 29 19 1
a 63 48 22 1
a 32 79 6 1
a 41 105 10 1
a 83 72 3 1
a 105 69 24 1
a 40 20 3 1
a 21 39 12 1
a 29 89 22 1
a 65 5 21 1
a 68 51 15 1
a 53 6 21 1
a 43 82 3 1
a 75 12 12 1
a 16 67 7 1
a 14 24 11 1
a 13 60 19 1
a 87 105 9 1
a 27 105 17 1
a 73 24 7 1
a 110 37 15 1
a 80 94 6 1
a 74 47 12 1
a 20 28 11 1
a 87 26 12 1
a 30 67 16 1
a 9 18 11 1
a 62 40 20 1
a 32 94 21 1
a 69 86 22 1
a 36 96 15 1
a 96 54 9 1
a 76 58 1 1
a 94 26 20 1
a 70 45 11 1
a 42 83 11 1
a 2 56 21 1
a 27 93 22 1
a 97 65 20 1
a 66 104 17 1
a 88 1 17 1
a 84 47 8 1
a 53 43 13 1
a 50 4 8 1
a 59 75 19 1
a 16 29 8 1
a 92 62 5 1
a 6 29 14 1
a 46 27 10 1
a 43 102 22 1
a 108 29 10 1
a 88 14 19 1
a 84 73 14 1
a 106 17 14 1
a 69 17 24 1
a 39 54 15 1
a 84 63 5 1
a 21 31 16 1
a 33 75 13 1
a 74 9 23 1
a 28 65 19 1
a 63 42 7 1
a 52 97 10 1
a 62 17 19 1
a 82 27 7 1
a 85 97 23 1
a 10 73 9 1
a 52 34 19 1
a 82 69 7 1
a 74 103 17 1
a 71 36 12 1
a 26 53 21 1
a 73 91 11 1
a 3 74 1 1
a 66 81 23 1
a 44 58 2 1
a 104 89 18 1
a 75 95 9 1
a 96 74 18 1
a 86 46 6 1
a 10 103 4 1
a 43 13 9 1
a 42 47 11 1
a 57 71 23 1
a 14 102 5 1
a 61 108 20 1
a 36 27 5 1
a 30 5 16 1
a 79 52 14 1
a 15 109 19 1
a 41 93 5 1
a 81 12 21 1
a 24 8 15 1
a 22 43 14 1
a 11 17 12 1
a 44 106 14 1
a 9 70 3 1
a 40 31 12 1
a 57 87 19 1
a 102 59 2 1
a 21 76 2 1
a 103 82 1 1
a 49 7 1 1
a 13 74 19 1
a 97 27 12 1
a 33 21 24 1
a 64 28 18 1
a 80 31 24 1
a 94 105 24 1
a 5 101 8 1
a 6 67 15 1
a 46 81 19 1
a 11 93 15 1
a 92 42 12 1
a 76 78 4 1
a 107 52 9 1
a 39 12 22 1
a 65 107 17 1
a 68 34 9 1
a 18 68 14 1
a 36 104 16 1
a 80 39 8 1
a 90 9 8 1
a 52 67 24 1
a 62 26 2 1
a 39 74 13 1
a 62 93 2 1
a 4 16 9 1
a 102 4 21 1
a 82 45 12 1
a 15 53 10 1
a 80 59 11 1
a 79 43 4 1
a 5 59 6 1
a 103 7 18 1
a 42 63 9 1
a 74 28 16 1
a 11 86 22 1
a 75 80 4 1
a 27 86 16 1
a 90 63 15 1
a 30 64 20 1
a 60 20 2 1
a 40 101 9 1
a 98 64 16 1
a 49 82 16 1
a 97 104 23 1
a 72 37 23 1
a 74 63 5 1
a 99 52 10 1
a 103 13 9 1
a 79 58 8 1
a 68 84 10 1
a 107 58 16 1
a 49 91 20 1
a 68 15 11 1
a 50 59 11 1
a 17 69 16 1
a 90 47 13 1
a 47 8 23 1
a 96 12 17 1
a 87 61 12 1
a 84 41 13 1
a 55 108 13 1
a 49 102 14 1
a 31 60 11 1
a 30 84 15 1
a 47 100 11 1
a 63 7 4 1
a 66 45 14 1
a 48 28 4 1
a 92 102 3 1
a 43 7 12 1
a 39 108 20 1
a 4 35 16 1
a 51 26 18 1
a 66 69 2 1
a 63 102 16 1
a 109 38 4 1
a 17 96 9 1
a 14 42 1 1
a 70 81 18 1
a 48 41 16 1
a 82 3 24 1
a 76 21 16 1
a 6 64 13 1
a 109 80 6 1
a 25 42 13 1
a 83 7 9 1
a 19 46 17 1
a 85 64 12 1
a 24 70 2 1
a 18 61 24 1
a 32 49 11 1
a 40 94 1 1
a 47 18 22 1
a 60 31 2 1
a 92 13 16 1
a 65 15 12 1
a 101 23 14 1
a 98 51 11 1
a 83 102 8 1
a 25 48 22 1
a 53 78 19 1
a 7 75 9 1
a 61 2 14 1
a 104 83 19 1
a 83 91 16 1
a 105 45 18 1
a 28 81 9 1
a 36 3 9 1
a 107 21 21 1
a 65 29 7 1
a 16 107 4 1
a 22 75 2 1
a 77 4 13 1
a 48 63 17 1
a 72 25 10 1
a 11 68 4 1
a 43 72 22 1
a 61 95 23 1
a 47 85 23 1
a 19 100 13 1
a 29 9 12 1
a 109 30 7 1
a 107 78 5 1
a 35 107 23 1
a 25 7 23 1
a 43 62 20 1
a 94 10 9 1
a 91 71 9 1
a 18 93 14 1
a 109 95 8 1
a 10 89 4 1
a 65 67 9 1
a 30 34 22 1
a 51 105 1 1
a 14 82 20 1
a 53 106 21 1
a 104 63 21 1
a 21 94 23 1
a 96 80 16 1
a 44 6 2 1
a 9 100 15 1
a 31 80 1 1
a 82 16 6 1
a 54 25 9 1
a 8 72 22 1
a 63 91 22 1
a 110 14 4 1
a 54 109 24 1
a 26 71 4 1
a 21 4 10 1
a 29 83 6 1
a 2 71 7 1
a 8 62 1 1
a 32 39 20 1
a 10 41 23 1
a 39 30 16 1
a 65 84 1 1
a 93 36 12 1
a 77 49 17 1
a 60 4 9 1
a 3 80 23 1
a 13 2 23 1
a 46 35 8 1
a 107 98 11 1
a 84 9 2 1
a 72 87 1 1
a 60 101 12 1
a 83 13 11 1
a 41 17 12 1
a 52 107 8 1
a 19 23 17 1
a 7 58 4 1
a 106 40 5 1
a 6 51 9 1
a 85 51 4 1
a 2 90 1 1
a 106 26 9 1
a 72 53 10 1
a 70 35 12 1
a 105 27 8 1
a 11 40 13 1
a 82 65 18 1
a 4 45 5 1
a 3 38 7 1
a 51 93 24 1
a 35 64 11 1
a 26 109 22 1
a 15 90 2 1
a 75 38 16 1
a 108 5 23 1
a 93 100 24 1
a 44 98 24 1
a 57 53 22 1
a 43 48 8 1
a 16 97 11 1
a 50 39 14 1
a 92 7 23 1
a 69 50 10 1
a 2 109 13 1
a 36 45 7 1
a 26 37 13 1
a 47 57 13 1
a 33 58 4 1
a 14 48 10 1
a 10 63 12 1
a 109 12 19 1
a 55 60 14 1
a 17 35 16 1
a 22 6 10 1
a 5 79 14 1
a 20 103 8 1
a 36 65 11 1
a 94 68 2 1
a 60 76 7 1
a 58 23 16 1
a 17 65 17 1
a 96 30 19 1
a 5 20 2 1
a 55 2 23 1
a 24 36 15 1
a 41 86 20 1
a 79 32 23 1
a 83 42 11 1
a 9 46 23 1
a 32 76 24 1
a 58 85 20 1
a 9 36 17 1
a 90 19 12 1
a 28 16 16 1
a 35 67 14 1
a 18 40 20 1
a 107 43 24 1
a 42 9 21 1
a 106 61 9 1
a 109 2 24 1
a 73 82 9 1
a 104 41 4 1
a 96 38 6 1
a 13 30 2 1
a 93 85 15 1
a 102 49 11 1
a 35 84 19 1
a 93 46 6 1
a 66 96 19 1
a 37 46 2 1
a 29 19 24 1
a 35 15 9 1
a 31 108 16 1
a 19 8 20 1
a 37 23 10 1
a 106 93 13 1
a 24 57 17 1
a 46 65 14 1
a 16 51 11 1
a 59 106 6 1
a 70 16 16 1
a 2 14 19 1
a 62 86 16 1
a 76 6 22 1
a 108 64 23 1
a 80 49 5 1
a 9 23 7 1
a 81 30 12 1
a 30 97 21 1
a 104 47 17 1
a 60 79 10 1
a 73 48 10 1
a 68 64 5 1
a 48 103 18 1
a 54 1 21 1
a 8 48 17 1
a 20 83 10 1
a 48 73 14 1
a 31 95 18 1
a 82 35 2 1
a 41 68 24 1
a 98 15 13 1
a 39 95 9 1
a 92 82 23 1
a 64 19 9 1
a 107 75 10 1
a 37 70 22 1
a 6 107 16 1
a 51 17 23 1
a 25 102 1 1
a 40 79 24 1
a 52 29 24 1
a 71 18 12 1
a 54 90 3 1
a 50 94 17 1
a 20 47 14 1
a 90 28 3 1
a 107 32 11 1
a 55 30 6 1
a 50 101 5 1
a 54 71 1 1
a 28 3 17 1
a 33 98 15 1
a 84 19 22 1
a 64 83 7 1
a 71 57 9 1
a 108 51 6 1
a 5 39 9 1
a 86 57 18 1
a 58 100 10 1
a 27 61 10 1
a 97 45 9 1
a 24 92 19 1
a 7 21 16 1
a 68 5 11 1
a 108 34 16 1
a 43 24 13 1
a 14 7 10 1
a 80 101 14 1
a 66 3 10 1
a 27 10 23 1
a 38 14 16 1
a 70 65 4 1
a 4 81 14 1
a 20 73 2 1
a 103 91 15 1
a 86 23 1 1
a 26 56 12 1
a 88 25 20 1
a 61 38 15 1
a 46 69 2 1
a 15 87 5 1
a 42 19 20 1
a 7 52 8 1
a 53 75 6 1
a 58 18 8 1
a 54 14 2 1
a 71 23 12 1
a 16 64 10 1
a 77 94 6 1
a 25 91 11 1
a 15 71 18 1
a 82 96 18 1
a 80 76 12 1
a 38 87 9 1
a 68 97 1 1
a 57 25 22 1
a 58 70 1 1
a 26 87 24 1
a 81 60 8 1
a 88 56 23 1
a 49 13 20 1
a 36 69 14 1
a 106 86 19 1
a 25 72 16 1
a 33 78 23 1
a 96 108 24 1
a 53 32 3 1
a 40 4 4 1
a 30 51 21 1
a 107 6 7 1
a 40 49 6 1
a 42 73 11 1
a 61 54 16 1
a 102 76 17 1
a 91 1 16 1
a 8 24 12 1
a 39 2 5 1
a 94 17 12 1
a 9 85 18 1
a 59 32 15 1
a 63 82 7 1
a 3 12 20 1
a 103 42 18 1
a 66 35 12 1
a 64 47 13 1
a 58 8 21 1
a 105 65 15 1
a 79 6 7 1
a 97 16 14 1
a 20 9 11 1
a 86 36 3 1
a 14 72 18 1
a 95 4 12 1
a 76 52 12 1
a 26 14 7 1
a 26 90 4 1
a 10 19 15 1
a 2 37 20 1
a 29 63 20 1
a 8 102 11 1
a 109 60 14 1
a 15 37 10 1
a 51 40 2 1
a 70 96 4 1
a 33 6 2 1
a 36 16 5 1
a 106 50 13 1
a 39 60 13 1
a 91 14 8 1
a 44 32 5 1
a 13 54 21 1
a 21 79 15 1
a 91 53 20 1
a 9 57 21 1
a 41 61 3 1
a 73 42 9 1
a 93 23 11 1
a 47 92 24 1
a 90 73 8 1
a 4 104 21 1
a 20 41 6 1
a 41 10 2 1
a 35 5 13 1
a 75 60 18 1
a 74 89 21 1
a 82 104 21 1
a 11 105 19 1
a 35 97 2 1
a 93 18 19 1
a 87 93 24 1
a 90 83 8 1
a 24 85 23 1
a 3 95 20 1
a 3 108 11 1
a 94 86 13 1
a 71 85 2 1
a 98 29 4 1
a 37 8 22 1
a 3 60 4 1
a 35 51 13 1
a 77 59 4 1
a 47 36 22 1
a 15 1 19 1
a 59 6 10 1
a 105 3 20 1
a 47 23 15 1
a 105 16 10 1
a 37 100 10 1
a 21 49 5 1
a 105 96 8 1
a 91 87 15 1
a 86 92 7 1
a 51 61 1 1
a 69 93 11 1
