10 10
 4 88 8 68 6 94 5 99 1 67 2 89 9 77 7 99 0 86 3 92
 5 72 3 50 6 69 4 75 2 94 8 66 0 92 1 82 7 94 9 63
 9 83 8 61 0 83 1 65 6 64 5 85 7 78 4 85 2 55 3 77
 7 94 2 68 1 61 4 99 3 54 6 75 5 66 0 76 9 63 8 67
 3 69 4 88 9 82 8 95 0 99 2 67 6 95 5 68 7 67 1 86
 1 99 4 81 5 64 6 66 8 80 2 80 7 69 9 62 3 79 0 88
 7 50 1 86 4 97 3 96 0 95 8 97 2 66 5 99 6 52 9 71
 4 98 6 73 3 82 2 51 1 71 5 94 7 85 0 62 8 95 9 79
 0 94 6 71 3 81 7 85 1 66 2 90 4 76 5 58 8 93 9 97
 3 50 0 59 1 82 8 67 7 56 9 96 6 58 4 81 5 59 2 96

 441 84 58 539 133 724 667 702 312 215
 0 0 0 0 0 0 0 0 0 0

 0 8 6 4 14 16 4 7 19 24
 24 0 16 18 22 9 6 19 17 21
 5 13 0 19 8 8 4 12 21 7
 14 9 4 0 18 10 16 8 12 2
 20 23 3 2 0 16 15 16 3 14
 13 11 12 20 14 0 15 6 23 23
 20 9 6 13 13 15 0 16 22 5
 16 18 1 15 11 12 9 0 22 15
 20 22 8 19 19 21 10 2 0 23
 11 20 23 1 4 2 7 4 20 0

 0 8 9 24 15 18 21 8 10 20
 23 0 9 14 20 9 5 12 14 14
 21 18 0 7 18 12 2 7 6 24
 23 4 18 0 4 11 12 6 16 16
 17 19 23 2 0 14 12 2 18 10
 21 15 19 2 14 0 8 10 13 17
 16 15 7 14 11 7 0 5 5 9
 16 2 9 1 19 6 17 0 16 17
 24 9 11 16 17 18 16 7 0 17
 21 7 14 2 10 5 16 23 9 0

 0 13 19 1 9 13 5 9 14 19
 24 0 13 2 15 20 4 20 12 9
 9 24 0 20 12 1 12 12 5 2
 24 11 22 0 13 10 12 2 24 11
 21 2 16 16 0 9 20 2 19 16
 1 24 3 5 1 0 2 18 23 23
 10 5 20 24 3 13 0 1 12 2
 17 22 16 11 10 15 17 0 6 23
 17 14 6 14 24 1 20 15 0 16
 19 15 22 4 5 22 13 12 12 0

 0 19 21 21 9 18 15 2 4 14
 3 0 15 9 11 20 3 12 8 16
 2 24 0 8 23 11 14 20 19 17
 5 21 1 0 23 10 23 10 13 2
 11 24 19 23 0 22 1 22 22 20
 24 3 24 1 5 0 18 9 2 21
 2 13 9 22 16 10 0 5 16 2
 22 4 24 4 12 21 13 0 7 23
 19 2 5 18 13 10 10 7 0 19
 13 1 23 7 21 4 20 20 19 0

 0 20 16 12 14 9 22 14 1 8
 24 0 15 17 3 6 12 11 19 1
 9 7 0 14 18 6 3 1 12 16
 13 23 2 0 9 1 12 12 12 12
 10 21 20 1 0 15 23 16 8 21
 11 24 23 21 13 0 22 15 22 23
 10 7 22 22 14 2 0 10 13 22
 16 19 23 2 17 5 15 0 13 15
 13 16 22 23 14 17 5 17 0 20
 15 3 18 3 21 23 17 7 11 0

 0 18 19 14 21 17 4 14 15 23
 19 0 8 8 15 13 13 3 12 8
 20 10 0 14 5 8 13 14 22 2
 17 21 16 0 5 12 18 16 17 23
 18 16 7 12 0 13 13 18 9 9
 18 8 13 14 17 0 16 4 4 21
 13 14 11 11 9 11 0 3 20 21
 21 22 6 13 20 18 23 0 24 12
 8 11 10 2 4 14 6 11 0 11
 4 4 21 9 12 20 23 10 15 0

 0 15 1 11 16 4 18 21 9 18
 3 0 23 4 5 19 12 12 16 23
 8 16 0 3 11 23 11 19 11 9
 6 11 9 0 16 10 9 7 2 11
 16 22 7 15 0 22 7 3 7 4
 14 20 16 23 19 0 21 18 20 1
 22 17 3 22 20 8 0 13 9 12
 1 11 20 16 3 22 13 0 23 23
 5 22 20 18 6 10 1 11 0 10
 11 6 16 22 1 17 4 12 3 0

 0 22 17 18 23 6 16 10 1 23
 5 0 3 20 16 11 21 4 13 23
 7 23 0 15 12 4 10 24 19 23
 12 1 10 0 5 15 9 19 11 11
 17 3 1 9 0 12 14 7 12 21
 8 10 12 24 23 0 19 24 18 2
 23 2 19 14 11 13 0 19 9 13
 17 21 15 16 20 21 22 0 3 16
 4 11 15 7 10 11 4 8 0 20
 16 16 18 15 13 9 17 14 11 0

 0 12 19 17 2 11 14 13 23 21
 22 0 10 2 17 21 22 14 20 12
 14 6 0 12 11 5 8 24 1 14
 23 6 21 0 4 17 3 13 12 13
 12 11 10 7 0 4 13 2 2 9
 5 17 6 17 11 0 14 5 23 8
 9 1 24 24 12 6 0 12 3 4
 21 21 6 24 22 11 20 0 2 15
 2 23 15 2 17 5 12 16 0 10
 8 19 14 6 6 14 9 13 2 0

 0 11 5 10 16 9 24 11 21 7
 3 0 21 9 8 10 18 1 5 2
 17 19 0 1 8 14 4 23 1 7
 5 1 4 0 1 12 18 24 16 22
 6 6 22 19 0 1 12 15 23 10
 21 13 19 6 20 0 13 3 16 21
 14 24 21 19 2 3 0 5 17 2
 22 15 23 13 4 16 22 0 24 2
 10 9 5 2 10 13 14 23 0 10
 2 19 13 9 4 8 3 13 16 0


